
time,npos,epos,alt,phi,theta,psi,vel,alpha,beta,p,q,r,nx,ny,nz,mach,qbar,ps,

 0.00000, 0.00000, 0.00000,20000.00000, 0.00000,17.00392, 0.00000,300.00000,17.00392, 0.00000, 0.00000, 0.00000, 0.00000, 0.29244,-0.00000, 0.95628, 0.28979,57.12293,971.01236,4193.77859,-4.60886,-0.00000,-0.00000,
 0.10000,30.00000,-0.00000,20000.00000, 0.00000,17.00392, 0.00000,300.00000,17.00392, 0.00000, 0.00000,-0.00000, 0.00000, 0.29244,-0.00000, 0.95628, 0.28979,57.12293,971.01236,4193.77859,-4.60886,-0.00000,-0.00000,
 0.20000,60.00000,-0.00000,20000.00000, 0.00000,17.00392, 0.00000,300.00000,17.00392, 0.00000, 0.00000,-0.00000, 0.00000, 0.29244,-0.00000, 0.95628, 0.28979,57.12293,971.01236,4193.77859,-4.60886,-0.00000,-0.00000,
 0.30000,90.00000,-0.00000,20000.00000, 0.00000,17.00392, 0.00000,300.00000,17.00392, 0.00000, 0.00000,-0.00000, 0.00000, 0.29244,-0.00000, 0.95628, 0.28979,57.12293,971.01236,4193.77859,-4.60886,-0.00000,-0.00000,
 0.40000,120.00000,-0.00000,20000.00000, 0.00000,17.00392, 0.00000,300.00000,17.00392, 0.00000, 0.00000,-0.00000, 0.00000, 0.29244,-0.00000, 0.95628, 0.28979,57.12293,971.01236,4193.77859,-4.60886,-0.00000,-0.00000,
 0.50000,150.00000,-0.00000,20000.00000, 0.00000,17.00392, 0.00000,300.00000,17.00392, 0.00000, 0.00000,-0.00000, 0.00000, 0.29244,-0.00000, 0.95628, 0.28979,57.12293,971.01236,4193.77859,-4.60886,-0.00000,-0.00000,
 0.60000,180.00000,-0.00000,20000.00000, 0.00000,17.00392, 0.00000,300.00000,17.00392, 0.00000, 0.00000,-0.00000, 0.00000, 0.29244,-0.00000, 0.95628, 0.28979,57.12293,971.01236,4193.77859,-4.60886,-0.00000,-0.00000,
 0.70000,210.00000, 0.00000,20000.00000, 0.00000,17.00392, 0.00000,300.00000,17.00392, 0.00000, 0.00000,-0.00000, 0.00000, 0.29244,-0.00000, 0.95628, 0.28979,57.12293,971.01236,4193.77859,-4.60886,-0.00000,-0.00000,
 0.80000,240.00000, 0.00000,20000.00000, 0.00000,17.00392, 0.00000,300.00000,17.00392, 0.00000, 0.00000,-0.00000, 0.00000, 0.29244,-0.00000, 0.95628, 0.28979,57.12293,971.01236,4193.77859,-4.60886,-0.00000,-0.00000,
 0.90000,270.00000, 0.00000,20000.00000, 0.00000,17.00392, 0.00000,300.00000,17.00392, 0.00000, 0.00000,-0.00000, 0.00000, 0.29244,-0.00000, 0.95628, 0.28979,57.12293,971.01236,4193.77859,-4.60886,-0.00000,-0.00000,
 1.00000,300.00000, 0.00000,20000.00000, 0.00000,17.00392, 0.00000,300.00000,17.00392, 0.00000, 0.00000,-0.00000, 0.00000, 0.29244, 0.00001, 0.95630, 0.28979,57.12293,971.01236,4193.77859,-4.60621, 0.00265, 0.00265,
 1.10000,329.99991, 0.00022,20000.00040,-0.01861,16.99923,-0.00269,299.99782,16.99734,-0.00170,-0.46211,-0.12224,-0.06724, 0.29272, 0.00268, 0.96045, 0.28979,57.12209,971.01235,4193.77859,-3.74116, 0.86770, 0.86770,
 1.20000,359.99958, 0.00111,20000.00196,-0.10388,16.97743,-0.01533,299.99605,16.97356,-0.01273,-1.17177,-0.31540,-0.17698, 0.29248, 0.00302, 0.95835, 0.28978,57.12142,971.01228,4193.77859,-3.62641, 0.98245, 0.98245,
 1.30000,389.99924, 0.00239,20000.00413,-0.26226,16.93618,-0.03971,299.99782,16.93216,-0.03431,-1.84144,-0.50614,-0.29247, 0.29208, 0.00322, 0.95474, 0.28979,57.12209,971.01219,4193.77859,-3.61118, 0.99767, 0.99767,
 1.40000,419.99932, 0.00326,20000.00576,-0.48708,16.87634,-0.07601,300.00483,16.87462,-0.06472,-2.42923,-0.68381,-0.41048, 0.29159, 0.00354, 0.95033, 0.28979,57.12475,971.01213,4193.77859,-3.60917, 0.99969, 0.99969,
 1.50000,450.00043, 0.00266,20000.00547,-0.76970,16.79918,-0.12432,300.01844,16.80271,-0.10157,-2.92868,-0.84633,-0.53178, 0.29102, 0.00398, 0.94532, 0.28981,57.12994,971.01214,4193.77859,-3.60890, 0.99996, 0.99996,
 1.60000,480.00327,-0.00077,20000.00164,-1.10132,16.70613,-0.18479,300.03982,16.71822,-0.14224,-3.34084,-0.99291,-0.65729, 0.29040, 0.00450, 0.93982, 0.28983,57.13809,971.01230,4193.77859,-3.60886, 0.99999, 0.99999,
 1.70000,510.00868,-0.00859,19999.99251,-1.47342,16.59859,-0.25764,300.07000,16.62295,-0.18407,-3.67039,-1.12313,-0.78747, 0.28972, 0.00506, 0.93393, 0.28985,57.14960,971.01267,4193.77859,-3.60886, 1.00000, 1.00000,
 1.80000,540.01758,-0.02253,19999.97616,-1.87810,16.47800,-0.34314,300.10983,16.51871,-0.22453,-3.92475,-1.23681,-0.92236, 0.28901, 0.00560, 0.92776, 0.28989,57.16480,971.01334,4193.77859,-3.60886, 1.00000, 1.00000,
 1.90000,570.03097,-0.04449,19999.95058,-2.30832,16.34579,-0.44155,300.16000,16.40725,-0.26134,-4.11357,-1.33397,-1.06159, 0.28827, 0.00610, 0.92141, 0.28994,57.18397,971.01438,4193.77859,-3.60886, 1.00000, 1.00000,
 2.00000,600.04989,-0.07648,19999.91367,-2.75807,16.20333,-0.55310,300.22108,16.29029,-0.29255,-4.24807,-1.41480,-1.20442, 0.28751, 0.00651, 0.91496, 0.29000,57.20732,971.01589,4193.77859,-3.60886, 1.00000, 1.00000,
 2.10000,630.07544,-0.12062,19999.86330,-3.22248,16.05201,-0.67797,300.29349,16.16951,-0.31664,-4.34048,-1.47968,-1.34981, 0.28675, 0.00680, 0.90850, 0.29007,57.23501,971.01794,4193.77859,-3.60886, 1.00000, 1.00000,
 2.20000,660.10877,-0.17910,19999.79726,-3.69792,15.89312,-0.81627,300.37749,16.04647,-0.33255,-4.40333,-1.52912,-1.49654, 0.28599, 0.00697, 0.90211, 0.29015,57.26716,971.02064,4193.77859,-3.60886, 1.00000, 1.00000,
 2.30000,690.15099,-0.25420,19999.71340,-4.18196,15.72793,-0.96800,300.47324,15.92266,-0.33969,-4.44891,-1.56375,-1.64321, 0.28524, 0.00699, 0.89587, 0.29024,57.30384,971.02406,4193.77859,-3.60886, 1.00000, 1.00000,
 2.40000,720.20327,-0.34825,19999.60955,-4.67334,15.55762,-1.13304,300.58080,15.79944,-0.33798,-4.48870,-1.58433,-1.78838, 0.28452, 0.00687, 0.88984, 0.29035,57.34508,971.02830,4193.77859,-3.60886, 1.00000, 1.00000,
 2.50000,750.26673,-0.46365,19999.48357,-5.17186,15.38334,-1.31115,300.70011,15.67806,-0.32774,-4.53291,-1.59165,-1.93063, 0.28382, 0.00660, 0.88409, 0.29046,57.39086,971.03345,4193.77859,-3.60886, 1.00000, 1.00000,
 2.60000,780.34249,-0.60288,19999.33341,-5.67821,15.20612,-1.50198,300.83102,15.55964,-0.30972,-4.59010,-1.58658,-2.06859, 0.28316, 0.00620, 0.87865, 0.29059,57.44113,971.03958,4193.77859,-3.60886, 1.00000, 1.00000,
 2.70000,810.43164,-0.76846,19999.15706,-6.19383,15.02696,-1.70507,300.97332,15.44517,-0.28498,-4.66697,-1.57002,-2.20106, 0.28253, 0.00569, 0.87357, 0.29073,57.49583,971.04678,4193.77859,-3.60886, 1.00000, 1.00000,
 2.80000,840.53523,-0.96299,19998.95260,-6.72073,14.84674,-1.91984,301.12671,15.33551,-0.25486,-4.76818,-1.54289,-2.32702, 0.28195, 0.00509, 0.86889, 0.29087,57.55484,971.05513,4193.77859,-3.60886, 1.00000, 1.00000,
 2.90000,870.65425,-1.18915,19998.71821,-7.26123,14.66629,-2.14565,301.29084,15.23139,-0.22089,-4.89628,-1.50614,-2.44566, 0.28141, 0.00442, 0.86465, 0.29103,57.61806,971.06470,4193.77859,-3.60886, 1.00000, 1.00000,
 3.00000,900.78967,-1.44971,19998.45216,-7.81784,14.48634,-2.38179,301.46532,15.13343,-0.18470,-5.05182,-1.46069,-2.55644, 0.28092, 0.00370, 0.86082, 0.29120,57.68534,971.07556,4193.77859,-3.61415, 0.99471, 0.99471,
 3.10000,930.94249,-1.74785,19998.15195,-8.36052,14.31796,-2.62335,301.65252,15.05576,-0.14728,-4.41848,-1.15518,-2.51462, 0.27945,-0.00241, 0.84925, 0.29138,57.75759,971.08782,4193.77859,-5.34425,-0.73539,-0.73539,
 3.20000,961.11366,-2.08726,19997.81438,-8.80800,14.18944,-2.85860,301.84768,15.02064,-0.10240,-3.37139,-0.70128,-2.37228, 0.27950,-0.00364, 0.85088, 0.29157,57.83301,971.10160,4193.77859,-5.57375,-0.96490,-0.96490,
 3.30000,991.30353,-2.47070,19997.43931,-9.15078,14.10671,-3.08451,302.04537,15.02871,-0.05037,-2.40106,-0.25235,-2.21166, 0.27999,-0.00435, 0.85607, 0.29176,57.90952,971.11691,4193.77859,-5.60420,-0.99534,-0.99534,
 3.40000,1021.51207,-2.90037,19997.02803,-9.40043,14.06856,-3.30043,302.24217,15.07644, 0.00567,-1.56339, 0.16989,-2.04392, 0.28074,-0.00506, 0.86330, 0.29195,57.98581,971.13371,4193.77859,-5.60824,-0.99938,-0.99938,
 3.50000,1051.73892,-3.37813,19996.58257,-9.57024,14.07261,-3.50577,302.43511,15.15976, 0.06257,-0.85538, 0.56162,-1.87086, 0.28171,-0.00579, 0.87217, 0.29214,58.06075,971.15189,4193.77859,-5.60877,-0.99992,-0.99992,
 3.60000,1081.98345,-3.90553,19996.10556,-9.67254,14.11619,-3.69979,302.62146,15.27463, 0.11749,-0.26399, 0.92168,-1.69333, 0.28285,-0.00650, 0.88242, 0.29231,58.13326,971.17137,4193.77859,-5.60885,-0.99999,-0.99999,
 3.70000,1112.24479,-4.48386,19995.60011,-9.71810,14.19645,-3.88167,302.79866,15.41708, 0.16807, 0.22694, 1.24956,-1.51230, 0.28414,-0.00715, 0.89381, 0.29249,58.20235,971.19201,4193.77859,-5.60885,-1.00000,-1.00000,
 3.80000,1142.52184,-5.11416,19995.06978,-9.71597,14.31046,-4.05054,302.96437,15.58327, 0.21244, 0.63443, 1.54509,-1.32894, 0.28556,-0.00771, 0.90613, 0.29264,58.26712,971.21367,4193.77859,-5.60886,-1.00000,-1.00000,
 3.90000,1172.81328,-5.79725,19994.51849,-9.67350,14.45516,-4.20560,303.11643,15.76953, 0.24920, 0.97559, 1.80837,-1.14460, 0.28708,-0.00814, 0.91916, 0.29279,58.32671,971.23618,4193.77859,-5.60886,-1.00000,-1.00000,
 4.00000,1203.11761,-6.53368,19993.95040,-9.59629,14.62749,-4.34612,303.25288,15.97232, 0.27751, 1.26704, 2.03972,-0.96074, 0.28868,-0.00844, 0.93273, 0.29292,58.38036,971.25938,4193.77859,-5.60886,-1.00000,-1.00000,
 4.10000,1233.43315,-7.32380,19993.36990,-9.48836,14.82433,-4.47151,303.37197,16.18829, 0.29702, 1.52439, 2.23971,-0.77885, 0.29034,-0.00860, 0.94663, 0.29304,58.42737,971.28308,4193.77859,-5.60886,-1.00000,-1.00000,
 4.20000,1263.75807,-8.16773,19992.78153,-9.35223,15.04260,-4.58130,303.47218,16.41427, 0.30789, 1.76175, 2.40910,-0.60040, 0.29202,-0.00862, 0.96069, 0.29313,58.46714,971.30711,4193.77859,-5.60886,-1.00000,-1.00000,
 4.30000,1294.09041,-9.06538,19992.18991,-9.18910,15.27922,-4.67519,303.55217,16.64728, 0.31074, 1.99130, 2.54885,-0.42672, 0.29372,-0.00850, 0.97477, 0.29321,58.49914,971.33127,4193.77859,-5.60886,-1.00000,-1.00000,
 4.40000,1324.42810,-10.01640,19991.59968,-8.99910,15.53121,-4.75299,303.61086,16.88453, 0.30659, 2.22306, 2.66009,-0.25898, 0.29541,-0.00826, 0.98870, 0.29327,58.52293,971.35537,4193.77859,-5.60886,-1.00000,-1.00000,
 4.50000,1354.76897,-11.02023,19991.01547,-8.78147,15.79563,-4.81466,303.64738,17.12344, 0.29680, 2.46455, 2.74410,-0.09809, 0.29708,-0.00793, 1.00236, 0.29330,58.53817,971.37923,4193.77859,-5.60886,-1.00000,-1.00000,
 4.60000,1385.11080,-12.07605,19990.44184,-8.53484,16.06968,-4.86025,303.66110,17.36165, 0.28299, 2.72078, 2.80233, 0.05534, 0.29871,-0.00752, 1.01561, 0.29331,58.54460,971.40266,4193.77859,-5.60886,-1.00000,-1.00000,
 4.70000,1415.45131,-13.18282,19989.88323,-8.25751,16.35066,-4.88989,303.65159,17.59700, 0.26693, 2.99415, 2.83632, 0.20099, 0.30029,-0.00708, 1.02836, 0.29330,58.54204,971.42547,4193.77859,-5.60886,-1.00000,-1.00000,
 4.80000,1445.78819,-14.33921,19989.34395,-7.94764,16.63601,-4.90376,303.61866,17.82754, 0.25042, 3.28462, 2.84774, 0.33888, 0.30180,-0.00664, 1.04051, 0.29327,58.53041,971.44750,4193.77859,-5.60886,-1.00000,-1.00000,
 4.90000,1476.11914,-15.54365,19988.82810,-7.60354,16.92333,-4.90209,303.56233,18.05155, 0.23523, 3.58991, 2.83831, 0.46935, 0.30324,-0.00621, 1.05198, 0.29321,58.50971,971.46857,4193.77859,-5.60886,-1.00000,-1.00000,
 5.00000,1506.44188,-16.79430,19988.33960,-7.22382,17.21038,-4.88509,303.48280,18.26749, 0.22297, 3.90581, 2.80982, 0.59299, 0.30459,-0.00583, 1.06271, 0.29314,58.48003,971.48852,4193.77859,-5.60621,-0.99735,-0.99735,
 5.10000,1536.75404,-18.08888,19987.88255,-6.82797,17.49010,-4.85503,303.37770,18.46749, 0.21222, 3.71414, 2.64124, 0.64465, 0.30596,-0.00280, 1.07690, 0.29304,58.44044,971.50718,4193.77859,-4.74116,-0.13230,-0.13230,
 5.20000,1567.05325,-19.42465,19987.46119,-6.46886,17.74747,-4.81789,303.25051,18.63988, 0.19290, 3.23838, 2.38522, 0.65241, 0.30683,-0.00218, 1.08389, 0.29291,58.39228,971.52439,4193.77859,-4.62641,-0.01755,-0.01755,
 5.30000,1597.33759,-20.79930,19987.07806,-6.15488,17.97841,-4.77567,303.10575,18.78316, 0.16291, 2.79321, 2.11662, 0.65364, 0.30745,-0.00171, 1.08846, 0.29277,58.33730,971.54004,4193.77859,-4.61118,-0.00233,-0.00233,
 5.40000,1627.60546,-22.21082,19986.73480,-5.88027,18.18235,-4.72922,302.94638,18.89794, 0.12375, 2.42442, 1.84761, 0.65163, 0.30788,-0.00112, 1.09132, 0.29262,58.27665,971.55406,4193.77859,-4.60917,-0.00031,-0.00031,
 5.50000,1657.85555,-23.65734,19986.43246,-5.63715,18.35943,-4.67933,302.77511,18.98524, 0.07783, 2.13900, 1.58194, 0.64562, 0.30812,-0.00041, 1.09265, 0.29245,58.21137,971.56641,4193.77859,-4.60890,-0.00004,-0.00004,
 5.60000,1688.08678,-25.13709,19986.17160,-5.41748,18.51007,-4.62686,302.59458,19.04631, 0.02783, 1.93599, 1.32206, 0.63471, 0.30819, 0.00039, 1.09256, 0.29228,58.14248,971.57707,4193.77859,-4.60886,-0.00001,-0.00001,
 5.70000,1718.29834,-26.64842,19985.95230,-5.21351,18.63490,-4.57268,302.40730,19.08259,-0.02345, 1.81063, 1.07007, 0.61840, 0.30810, 0.00122, 1.09117, 0.29210,58.07097,971.58603,4193.77859,-4.60886,-0.00000,-0.00000,
 5.80000,1748.48967,-28.18975,19985.77423,-5.01814,18.73474,-4.51769,302.21570,19.09563,-0.07331, 1.75520, 0.82782, 0.59661, 0.30787, 0.00204, 1.08859, 0.29191,57.99776,971.59330,4193.77859,-4.60886,-0.00000,-0.00000,
 5.90000,1778.66044,-29.75953,19985.63667,-4.82516,18.81063,-4.46274,302.02202,19.08713,-0.11925, 1.75964, 0.59694, 0.56967, 0.30750, 0.00280, 1.08494, 0.29172,57.92371,971.59892,4193.77859,-4.60886,-0.00000,-0.00000,
 6.00000,1808.81053,-31.35625,19985.53857,-4.62945,18.86371,-4.40862,301.82837,19.05888,-0.15919, 1.81206, 0.37880, 0.53820, 0.30702, 0.00347, 1.08035, 0.29154,57.84965,971.60293,4193.77859,-4.60886,-0.00000,-0.00000,
 6.10000,1838.94006,-32.97840,19985.47859,-4.42710,18.89528,-4.35604,301.63664,19.01272,-0.19144, 1.89949, 0.17456, 0.50311, 0.30644, 0.00401, 1.07494, 0.29135,57.77629,971.60538,4193.77859,-4.60886,-0.00000,-0.00000,
 6.20000,1869.04931,-34.62449,19985.45510,-4.21548,18.90677,-4.30561,301.44855,18.95053,-0.21487, 2.00854,-0.01488, 0.46548, 0.30577, 0.00440, 1.06882, 0.29117,57.70431,971.60633,4193.77859,-4.60886,-0.00000,-0.00000,
 6.30000,1899.13874,-36.29302,19985.46628,-3.99328,18.89967,-4.25781,301.26564,18.87418,-0.22886, 2.12613,-0.18883, 0.42647, 0.30502, 0.00463, 1.06212, 0.29099,57.63428,971.60588,4193.77859,-4.60886,-0.00000,-0.00000,
 6.40000,1929.20897,-37.98249,19985.51012,-3.76038,18.87557,-4.21299,301.08921,18.78554,-0.23331, 2.24007,-0.34681, 0.38729, 0.30422, 0.00470, 1.05496, 0.29082,57.56671,971.60409,4193.77859,-4.60886,-0.00000,-0.00000,
 6.50000,1959.26073,-39.69141,19985.58445,-3.51778,18.83609,-4.17137,300.92040,18.68644,-0.22862, 2.33962,-0.48854, 0.34911, 0.30336, 0.00461, 1.04743, 0.29066,57.50203,971.60105,4193.77859,-4.60886,-0.00000,-0.00000,
 6.60000,1989.29491,-41.41829,19985.68697,-3.26742,18.78288,-4.13303,300.76015,18.57866,-0.21562, 2.41588,-0.61392, 0.31301, 0.30248, 0.00438, 1.03964, 0.29050,57.44061,971.59686,4193.77859,-4.60886,-0.00000,-0.00000,
 6.70000,2019.31243,-43.16168,19985.81533,-3.01197,18.71763,-4.09793,300.60924,18.46391,-0.19546, 2.46209,-0.72301, 0.27990, 0.30156, 0.00402, 1.03168, 0.29036,57.38273,971.59162,4193.77859,-4.60886,-0.00000,-0.00000,
 6.80000,2049.31435,-44.92015,19985.96709,-2.75462,18.64197,-4.06591,300.46825,18.34386,-0.16957, 2.47373,-0.81601, 0.25055, 0.30063, 0.00356, 1.02365, 0.29022,57.32862,971.58542,4193.77859,-4.60886,-0.00000,-0.00000,
 6.90000,2079.30174,-46.69231,19986.13979,-2.49888,18.55756,-4.03673,300.33763,18.22008,-0.13952, 2.44860,-0.89327, 0.22552, 0.29970, 0.00303, 1.01563, 0.29010,57.27845,971.57837,4193.77859,-4.60886,-0.00000,-0.00000,
 7.00000,2109.27573,-48.47683,19986.33096,-2.24835,18.46598,-4.01004,300.21765,18.09408,-0.10698, 2.38666,-0.95525, 0.20515, 0.29878, 0.00245, 1.00769, 0.28998,57.23233,971.57056,4193.77859,-4.60886,-0.00000,-0.00000,
 7.10000,2139.23747,-50.27246,19986.53816,-2.00648,18.36877,-3.98547,300.10847,17.96727,-0.07358, 2.28985,-1.00255, 0.18957, 0.29787, 0.00185, 0.99991, 0.28988,57.19031,971.56210,4193.77859,-4.60886,-0.00000,-0.00000,
 7.20000,2169.18813,-52.07802,19986.75897,-1.77646,18.26740,-3.96258,300.01011,17.84099,-0.04086, 2.16182,-1.03585, 0.17872, 0.29698, 0.00127, 0.99234, 0.28978,57.15240,971.55308,4193.77859,-4.60886,-0.00000,-0.00000,
 7.30000,2199.12884,-53.89241,19986.99106,-1.56103,18.16326,-3.94094,299.92249,17.71647,-0.01021, 2.00755,-1.05591, 0.17233, 0.29612, 0.00071, 0.98505, 0.28970,57.11857,971.54360,4193.77859,-4.60886,-0.00000,-0.00000,
 7.40000,2229.06077,-55.71463,19987.23215,-1.36239,18.05765,-3.92012,299.84541,17.59481, 0.01719, 1.83303,-1.06360, 0.16999, 0.29529, 0.00021, 0.97809, 0.28962,57.08875,971.53375,4193.77859,-4.60886,-0.00000,-0.00000,
 7.50000,2258.98501,-57.54377,19987.48006,-1.18211,17.95179,-3.89974,299.77859,17.47704, 0.04040, 1.64488,-1.05982, 0.17113, 0.29451,-0.00022, 0.97150, 0.28956,57.06283,971.52362,4193.77859,-4.60886,-0.00000,-0.00000,
 7.60000,2288.90264,-59.37899,19987.73274,-1.02111,17.84679,-3.87945,299.72167,17.36405, 0.05877, 1.44993,-1.04556, 0.17511, 0.29377,-0.00057, 0.96531, 0.28950,57.04067,971.51330,4193.77859,-4.60886,-0.00000,-0.00000,
 7.70000,2318.81469,-61.21957,19987.98823,-0.87963,17.74366,-3.85896,299.67424,17.25660, 0.07189, 1.25492,-1.02181, 0.18119, 0.29308,-0.00082, 0.95955, 0.28946,57.02213,971.50287,4193.77859,-4.60886,-0.00000,-0.00000,
 7.80000,2348.72215,-63.06487,19988.24474,-0.75730,17.64329,-3.83805,299.63582,17.15533, 0.07964, 1.06617,-0.98960, 0.18861, 0.29244,-0.00099, 0.95425, 0.28942,57.00701,971.49239,4193.77859,-4.60886,-0.00000,-0.00000,
 7.90000,2378.62594,-64.91431,19988.50058,-0.65316,17.54650,-3.81660,299.60588,17.06079, 0.08213, 0.88933,-0.94996, 0.19662, 0.29186,-0.00106, 0.94941, 0.28939,56.99513,971.48194,4193.77859,-4.60886,-0.00000,-0.00000,
 8.00000,2408.52692,-66.76740,19988.75424,-0.56575,17.45398,-3.79454,299.58387,16.97338, 0.07971, 0.72918,-0.90390, 0.20450, 0.29133,-0.00105, 0.94506, 0.28937,56.98626,971.47158,4193.77859,-4.60886,-0.00000,-0.00000,
 8.10000,2438.42590,-68.62371,19989.00433,-0.49322,17.36632,-3.77188,299.56920,16.89340, 0.07292, 0.58945,-0.85244, 0.21157, 0.29085,-0.00096, 0.94119, 0.28936,56.98020,971.46137,4193.77859,-4.60886,-0.00000,-0.00000,
 8.20000,2468.32362,-70.48287,19989.24962,-0.43341,17.28401,-3.74870,299.56129,16.82104, 0.06245, 0.47279,-0.79654, 0.21727, 0.29043,-0.00080, 0.93780, 0.28935,56.97672,971.45135,4193.77859,-4.60886,-0.00000,-0.00000,
 8.30000,2498.22075,-72.34453,19989.48904,-0.38397,17.20746,-3.72516,299.55951,16.75642, 0.04909, 0.38067,-0.73715, 0.22114, 0.29007,-0.00060, 0.93488, 0.28935,56.97558,971.44157,4193.77859,-4.60886,-0.00000,-0.00000,
 8.40000,2528.11790,-74.20841,19989.72167,-0.34246,17.13697,-3.70144,299.56326,16.69954, 0.03373, 0.31344,-0.67515, 0.22283, 0.28976,-0.00035, 0.93243, 0.28935,56.97656,971.43207,4193.77859,-4.60886,-0.00000,-0.00000,
 8.50000,2558.01561,-76.07424,19989.94671,-0.30650,17.07276,-3.67776,299.57192,16.65034, 0.01726, 0.27041,-0.61138, 0.22213, 0.28950,-0.00009, 0.93042, 0.28936,56.97942,971.42288,4193.77859,-4.60886,-0.00000,-0.00000,
 8.60000,2587.91436,-77.94177,19990.16352,-0.27381,17.01496,-3.65436,299.58489,16.60869, 0.00055, 0.24990,-0.54664, 0.21896, 0.28930, 0.00019, 0.92885, 0.28937,56.98393,971.41402,4193.77859,-4.60886,-0.00000,-0.00000,
 8.70000,2617.81458,-79.81076,19990.37161,-0.24231,16.96365,-3.63150,299.60158,16.57438,-0.01555, 0.24945,-0.48165, 0.21336, 0.28914, 0.00045, 0.92768, 0.28939,56.98988,971.40553,4193.77859,-4.60886,-0.00000,-0.00000,
 8.80000,2647.71661,-81.68099,19990.57059,-0.21023,16.91880,-3.60940,299.62139,16.54717,-0.03030, 0.26592,-0.41709, 0.20549, 0.28903, 0.00070, 0.92690, 0.28941,56.99703,971.39740,4193.77859,-4.60886,-0.00000,-0.00000,
 8.90000,2677.62076,-83.55223,19990.76022,-0.17611,16.88035,-3.58829,299.64378,16.52675,-0.04307, 0.29571,-0.35357, 0.19563, 0.28896, 0.00091, 0.92649, 0.28943,57.00519,971.38966,4193.77859,-4.60886,-0.00000,-0.00000,
 9.00000,2707.52728,-85.42423,19990.94035,-0.13885,16.84815,-3.56834,299.66821,16.51276,-0.05334, 0.33495,-0.29165, 0.18414, 0.28894, 0.00108, 0.92641, 0.28946,57.01413,971.38230,4193.77859,-4.60886,-0.00000,-0.00000,
 9.10000,2737.43634,-87.29678,19991.11097,-0.09775,16.82204,-3.54970,299.69416,16.50484,-0.06076, 0.37965,-0.23182, 0.17143, 0.28895, 0.00120, 0.92664, 0.28948,57.02368,971.37533,4193.77859,-4.60886,-0.00000,-0.00000,
 9.20000,2767.34809,-89.16961,19991.27214,-0.05249,16.80176,-3.53246,299.72115,16.50255,-0.06512, 0.42592,-0.17451, 0.15796, 0.28899, 0.00128, 0.92715, 0.28951,57.03364,971.36875,4193.77859,-4.60886,-0.00000,-0.00000,
 9.30000,2797.26262,-91.04247,19991.42402,-0.00309,16.78707,-3.51667,299.74872,16.50548,-0.06636, 0.47012,-0.12010, 0.14423, 0.28907, 0.00130, 0.92792, 0.28953,57.04384,971.36255,4193.77859,-4.60886,-0.00000,-0.00000,
 9.40000,2827.17999,-92.91511,19991.56686, 0.05007,16.77764,-3.50232,299.77644,16.51315,-0.06457, 0.50897,-0.06890, 0.13071, 0.28917, 0.00126, 0.92891, 0.28956,57.05411,971.35671,4193.77859,-4.60886,-0.00000,-0.00000,
 9.50000,2857.10020,-94.78725,19991.70096, 0.10632,16.77315,-3.48935,299.80393,16.52511,-0.05999, 0.53975,-0.02116, 0.11784, 0.28930, 0.00118, 0.93009, 0.28959,57.06432,971.35124,4193.77859,-4.60886,-0.00000,-0.00000,
 9.60000,2887.02322,-96.65863,19991.82670, 0.16479,16.77324,-3.47767,299.83083,16.54089,-0.05294, 0.56030, 0.02292, 0.10604, 0.28945, 0.00106, 0.93144, 0.28961,57.07432,971.34610,4193.77859,-4.60886,-0.00000,-0.00000,
 9.70000,2916.94899,-98.52896,19991.94451, 0.22440,16.77754,-3.46714,299.85681,16.56000,-0.04387, 0.56913, 0.06319, 0.09565, 0.28962, 0.00091, 0.93293, 0.28964,57.08398,971.34129,4193.77859,-4.60886,-0.00000,-0.00000,
 9.80000,2946.87741,-100.39799,19992.05486, 0.28400,16.78567,-3.45758,299.88159,16.58200,-0.03328, 0.56545, 0.09958, 0.08693, 0.28980, 0.00072, 0.93453, 0.28966,57.09320,971.33678,4193.77859,-4.60886,-0.00000,-0.00000,
 9.90000,2976.80837,-102.26545,19992.15826, 0.34236,16.79724,-3.44881,299.90490,16.60641,-0.02172, 0.54912, 0.13202, 0.08007, 0.28999, 0.00052, 0.93621, 0.28969,57.10188,971.33256,4193.77859,-4.60886,-0.00000,-0.00000,
10.00000,3006.74172,-104.13108,19992.25524, 0.39832,16.81185,-3.44062,299.92653,16.63281,-0.00975, 0.52067, 0.16053, 0.07515, 0.29020, 0.00031, 0.93796, 0.28971,57.10993,971.32860,4193.77859,-4.60886,-0.00000,-0.00000,
10.10000,3036.67729,-105.99464,19992.34637, 0.45076,16.82911,-3.43281,299.94629,16.66076, 0.00208, 0.48120, 0.18513, 0.07217, 0.29040, 0.00011, 0.93974, 0.28973,57.11728,971.32488,4193.77859,-4.60886,-0.00000,-0.00000,
10.20000,3066.61490,-107.85591,19992.43219, 0.49871,16.84863,-3.42517,299.96404,16.68988, 0.01324, 0.43230, 0.20590, 0.07107, 0.29061,-0.00009, 0.94154, 0.28974,57.12387,971.32137,4193.77859,-4.60886,-0.00000,-0.00000,
10.30000,3096.55435,-109.71468,19992.51330, 0.54140,16.87004,-3.41752,299.97964,16.71977, 0.02328, 0.37597, 0.22295, 0.07168, 0.29082,-0.00027, 0.94334, 0.28976,57.12966,971.31806,4193.77859,-4.60886,-0.00000,-0.00000,
10.40000,3126.49542,-111.57076,19992.59025, 0.57823,16.89297,-3.40970,299.99301,16.75009, 0.03181, 0.31448, 0.23641, 0.07377, 0.29103,-0.00042, 0.94512, 0.28977,57.13460,971.31492,4193.77859,-4.60886,-0.00000,-0.00000,
10.50000,3156.43791,-113.42399,19992.66363, 0.60884,16.91706,-3.40156,300.00409,16.78050, 0.03854, 0.25027, 0.24643, 0.07708, 0.29124,-0.00055, 0.94686, 0.28978,57.13868,971.31192,4193.77859,-4.60886,-0.00000,-0.00000,
10.60000,3186.38159,-115.27422,19992.73397, 0.63313,16.94198,-3.39301,300.01284,16.81069, 0.04327, 0.18580, 0.25319, 0.08129, 0.29144,-0.00063, 0.94855, 0.28979,57.14187,971.30905,4193.77859,-4.60886,-0.00000,-0.00000,
10.70000,3216.32622,-117.12134,19992.80182, 0.65120,16.96741,-3.38397,300.01926,16.84040, 0.04592, 0.12344, 0.25688, 0.08609, 0.29164,-0.00069, 0.95017, 0.28980,57.14419,971.30628,4193.77859,-4.60886,-0.00000,-0.00000,
10.80000,3246.27158,-118.96524,19992.86770, 0.66339,16.99306,-3.37439,300.02335,16.86937, 0.04648, 0.06539, 0.25772, 0.09113, 0.29182,-0.00071, 0.95172, 0.28980,57.14562,971.30359,4193.77859,-4.60886,-0.00000,-0.00000,
10.90000,3276.21744,-120.80586,19992.93209, 0.67024,17.01865,-3.36429,300.02517,16.89738, 0.04506, 0.01356, 0.25592, 0.09609, 0.29200,-0.00069, 0.95318, 0.28980,57.14619,971.30096,4193.77859,-4.60886,-0.00000,-0.00000,
11.00000,3306.16358,-122.64311,19992.99547, 0.67243,17.04393,-3.35368,300.02477,16.92422, 0.04185,-0.03051, 0.25170, 0.10069, 0.29217,-0.00064, 0.95454, 0.28980,57.14591,971.29837,4193.77859,-4.60886,-0.00000,-0.00000,
11.10000,3336.10979,-124.47697,19993.05826, 0.67078,17.06868,-3.34263,300.02222,16.94973, 0.03711,-0.06570, 0.24531, 0.10468, 0.29232,-0.00057, 0.95581, 0.28980,57.14482,971.29581,4193.77859,-4.60886,-0.00000,-0.00000,
11.20000,3366.05584,-126.30740,19993.12088, 0.66620,17.09268,-3.33121,300.01763,16.97377, 0.03117,-0.09131, 0.23697, 0.10783, 0.29246,-0.00047, 0.95697, 0.28980,57.14295,971.29325,4193.77859,-4.60886,-0.00000,-0.00000,
11.30000,3396.00155,-128.13437,19993.18368, 0.65963,17.11576,-3.31953,300.01109,16.99621, 0.02436,-0.10712, 0.22694, 0.11000, 0.29259,-0.00036, 0.95802, 0.28979,57.14034,971.29069,4193.77859,-4.60886,-0.00000,-0.00000,
11.40000,3425.94672,-129.95787,19993.24701, 0.65202,17.13777,-3.30769,300.00272,17.01697, 0.01707,-0.11334, 0.21543, 0.11110, 0.29271,-0.00024, 0.95895, 0.28978,57.13703,971.28810,4193.77859,-4.60886,-0.00000,-0.00000,
11.50000,3455.89117,-131.77789,19993.31117, 0.64426,17.15855,-3.29580,299.99266,17.03597, 0.00968,-0.11059, 0.20268, 0.11109, 0.29281,-0.00011, 0.95978, 0.28977,57.13307,971.28548,4193.77859,-4.60886,-0.00000,-0.00000,
11.60000,3485.83475,-133.59442,19993.37641, 0.63716,17.17802,-3.28400,299.98104,17.05318, 0.00253,-0.09986, 0.18892, 0.10999, 0.29291, 0.00001, 0.96049, 0.28976,57.12852,971.28282,4193.77859,-4.60886,-0.00000,-0.00000,
11.70000,3515.77730,-135.40744,19993.44297, 0.63143,17.19606,-3.27238,299.96800,17.06857,-0.00404,-0.08243, 0.17436, 0.10788, 0.29298, 0.00012, 0.96109, 0.28975,57.12342,971.28010,4193.77859,-4.60886,-0.00000,-0.00000,
11.80000,3545.71869,-137.21695,19993.51104, 0.62763,17.21263,-3.26104,299.95368,17.08214,-0.00976,-0.05978, 0.15920, 0.10487, 0.29305, 0.00022, 0.96158, 0.28973,57.11784,971.27732,4193.77859,-4.60886,-0.00000,-0.00000,
11.90000,3575.65879,-139.02291,19993.58076, 0.62619,17.22766,-3.25008,299.93824,17.09390,-0.01441,-0.03355, 0.14365, 0.10111, 0.29310, 0.00030, 0.96197, 0.28972,57.11182,971.27447,4193.77859,-4.60886,-0.00000,-0.00000,
12.00000,3605.59751,-140.82531,19993.65228, 0.62735,17.24113,-3.23956,299.92181,17.10389,-0.01782,-0.00543, 0.12789, 0.09680, 0.29314, 0.00036, 0.96226, 0.28970,57.10543,971.27155,4193.77859,-4.60886,-0.00000,-0.00000,
12.10000,3635.53475,-142.62411,19993.72567, 0.63120,17.25302,-3.22953,299.90455,17.11215,-0.01992, 0.02293, 0.11207, 0.09213, 0.29317, 0.00040, 0.96245, 0.28969,57.09871,971.26855,4193.77859,-4.60886,-0.00000,-0.00000,
12.20000,3665.47044,-144.41929,19993.80101, 0.63769,17.26334,-3.22002,299.88660,17.11875,-0.02067, 0.04997, 0.09637, 0.08729, 0.29319, 0.00041, 0.96255, 0.28967,57.09173,971.26548,4193.77859,-4.60886,-0.00000,-0.00000,
12.30000,3695.40452,-146.21078,19993.87832, 0.64660,17.27211,-3.21102,299.86810,17.12375,-0.02011, 0.07429, 0.08092, 0.08250, 0.29320, 0.00040, 0.96257, 0.28965,57.08454,971.26232,4193.77859,-4.60886,-0.00000,-0.00000,
12.40000,3725.33694,-147.99856,19993.95760, 0.65761,17.27935,-3.20254,299.84917,17.12724,-0.01836, 0.09474, 0.06585, 0.07795, 0.29320, 0.00038, 0.96250, 0.28963,57.07718,971.25908,4193.77859,-4.60886,-0.00000,-0.00000,
12.50000,3755.26767,-149.78255,19994.03884, 0.67029,17.28511,-3.19452,299.82996,17.12930,-0.01555, 0.11041, 0.05127, 0.07379, 0.29319, 0.00033, 0.96237, 0.28962,57.06971,971.25576,4193.77859,-4.60886,-0.00000,-0.00000,
12.60000,3785.19669,-151.56272,19994.12199, 0.68414,17.28945,-3.18694,299.81059,17.13003,-0.01189, 0.12069, 0.03729, 0.07018, 0.29317, 0.00027, 0.96216, 0.28960,57.06217,971.25237,4193.77859,-4.60886,-0.00000,-0.00000,
12.70000,3815.12399,-153.33900,19994.20699, 0.69864,17.29243,-3.17971,299.79116,17.12954,-0.00759, 0.12525, 0.02398, 0.06721, 0.29315, 0.00020, 0.96190, 0.28958,57.05461,971.24890,4193.77859,-4.60886,-0.00000,-0.00000,
12.80000,3845.04957,-155.11134,19994.29376, 0.71321,17.29411,-3.17277,299.77178,17.12792,-0.00288, 0.12410, 0.01144, 0.06495, 0.29311, 0.00011, 0.96159, 0.28956,57.04707,971.24535,4193.77859,-4.60886,-0.00000,-0.00000,
12.90000,3874.97345,-156.87970,19994.38219, 0.72733,17.29458,-3.16605,299.75256,17.12530, 0.00199, 0.11747,-0.00030, 0.06345, 0.29308, 0.00003, 0.96123, 0.28954,57.03959,971.24174,4193.77859,-4.60886,-0.00000,-0.00000,
13.00000,3904.89565,-158.64402,19994.47218, 0.74050,17.29392,-3.15946,299.73358,17.12176, 0.00678, 0.10589,-0.01117, 0.06270, 0.29303,-0.00005, 0.96083, 0.28952,57.03219,971.23807,4193.77859,-4.60886,-0.00000,-0.00000,
13.10000,3934.81620,-160.40427,19994.56359, 0.75227,17.29221,-3.15292,299.71493,17.11743, 0.01129, 0.09006,-0.02115, 0.06266, 0.29299,-0.00013, 0.96040, 0.28951,57.02491,971.23434,4193.77859,-4.60886,-0.00000,-0.00000,
13.20000,3964.73514,-162.16041,19994.65629, 0.76229,17.28955,-3.14637,299.69667,17.11242, 0.01531, 0.07087,-0.03022, 0.06327, 0.29294,-0.00020, 0.95995, 0.28949,57.01779,971.23055,4193.77859,-4.60886,-0.00000,-0.00000,
13.30000,3994.65251,-163.91241,19994.75013, 0.77029,17.28603,-3.13974,299.67887,17.10683, 0.01870, 0.04930,-0.03835, 0.06444, 0.29289,-0.00026, 0.95947, 0.28947,57.01083,971.22672,4193.77859,-4.60886,-0.00000,-0.00000,
13.40000,4024.56836,-165.66026,19994.84497, 0.77609,17.28174,-3.13297,299.66159,17.10076, 0.02133, 0.02639,-0.04555, 0.06606, 0.29283,-0.00031, 0.95898, 0.28945,57.00408,971.22285,4193.77859,-4.60886,-0.00000,-0.00000,
13.50000,4054.48275,-167.40394,19994.94064, 0.77963,17.27677,-3.12602,299.64486,17.09432, 0.02314, 0.00320,-0.05183, 0.06801, 0.29278,-0.00034, 0.95849, 0.28944,56.99753,971.21894,4193.77859,-4.60886,-0.00000,-0.00000,
13.60000,4084.39573,-169.14346,19995.03699, 0.78094,17.27122,-3.11886,299.62874,17.08760, 0.02409,-0.01927,-0.05719, 0.07015, 0.29272,-0.00036, 0.95799, 0.28942,56.99121,971.21501,4193.77859,-4.60886,-0.00000,-0.00000,
13.70000,4114.30737,-170.87881,19995.13386, 0.78015,17.26517,-3.11149,299.61323,17.08070, 0.02418,-0.04010,-0.06168, 0.07235, 0.29266,-0.00037, 0.95749, 0.28941,56.98512,971.21105,4193.77859,-4.60886,-0.00000,-0.00000,
13.80000,4144.21773,-172.61000,19995.23110, 0.77745,17.25872,-3.10389,299.59838,17.07369, 0.02347,-0.05851,-0.06531, 0.07450, 0.29261,-0.00036, 0.95699, 0.28939,56.97929,971.20708,4193.77859,-4.60886,-0.00000,-0.00000,
13.90000,4174.12688,-174.33707,19995.32854, 0.77312,17.25194,-3.09608,299.58419,17.06666, 0.02205,-0.07386,-0.06813, 0.07646, 0.29255,-0.00033, 0.95651, 0.28938,56.97370,971.20310,4193.77859,-4.60886,-0.00000,-0.00000,
14.00000,4204.03487,-176.06002,19995.42603, 0.76748,17.24491,-3.08808,299.57067,17.05968, 0.02001,-0.08571,-0.07016, 0.07816, 0.29250,-0.00030, 0.95604, 0.28937,56.96837,971.19912,4193.77859,-4.60886,-0.00000,-0.00000,
14.10000,4233.94177,-177.77888,19995.52343, 0.76089,17.23772,-3.07992,299.55782,17.05281, 0.01750,-0.09377,-0.07147, 0.07950, 0.29244,-0.00026, 0.95559, 0.28935,56.96329,971.19514,4193.77859,-4.60886,-0.00000,-0.00000,
14.20000,4263.84766,-179.49368,19995.62058, 0.75373,17.23043,-3.07164,299.54564,17.04612, 0.01465,-0.09796,-0.07210, 0.08044, 0.29239,-0.00021, 0.95515, 0.28934,56.95848,971.19118,4193.77859,-4.60886,-0.00000,-0.00000,
14.30000,4293.75259,-181.20445,19995.71736, 0.74635,17.22311,-3.06329,299.53412,17.03966, 0.01163,-0.09839,-0.07210, 0.08093, 0.29235,-0.00016, 0.95474, 0.28933,56.95391,971.18722,4193.77859,-4.60886,-0.00000,-0.00000,
14.40000,4323.65663,-182.91122,19995.81362, 0.73912,17.21582,-3.05491,299.52325,17.03347, 0.00857,-0.09532,-0.07152, 0.08096, 0.29230,-0.00011, 0.95435, 0.28932,56.94959,971.18329,4193.77859,-4.60886,-0.00000,-0.00000,
14.50000,4353.55985,-184.61401,19995.90925, 0.73235,17.20862,-3.04655,299.51300,17.02760, 0.00564,-0.08914,-0.07042, 0.08055, 0.29226,-0.00006, 0.95398, 0.28931,56.94551,971.17939,4193.77859,-4.60886,-0.00000,-0.00000,
14.60000,4383.46229,-186.31285,19996.00413, 0.72631,17.20155,-3.03825,299.50336,17.02208, 0.00295,-0.08039,-0.06885, 0.07972, 0.29222,-0.00001, 0.95364, 0.28930,56.94166,971.17551,4193.77859,-4.60886,-0.00000,-0.00000,
14.70000,4413.36402,-188.00777,19996.09815, 0.72121,17.19466,-3.03006,299.49430,17.01694, 0.00061,-0.06967,-0.06687, 0.07853, 0.29218, 0.00003, 0.95333, 0.28929,56.93803,971.17167,4193.77859,-4.60886,-0.00000,-0.00000,
14.80000,4443.26510,-189.69877,19996.19122, 0.71722,17.18799,-3.02200,299.48580,17.01219,-0.00129,-0.05763,-0.06454, 0.07704, 0.29215, 0.00006, 0.95304, 0.28929,56.93462,971.16787,4193.77859,-4.60886,-0.00000,-0.00000,
14.90000,4473.16558,-191.38588,19996.28323, 0.71442,17.18157,-3.01411,299.47782,17.00786,-0.00269,-0.04494,-0.06191, 0.07531, 0.29212, 0.00008, 0.95278, 0.28928,56.93141,971.16412,4193.77859,-4.60886,-0.00000,-0.00000,
15.00000,4503.06550,-193.06911,19996.37412, 0.71284,17.17543,-3.00640,299.47033,17.00396,-0.00355,-0.03228,-0.05904, 0.07344, 0.29209, 0.00010, 0.95255, 0.28927,56.92838,971.16041,4193.77859,-4.60886,-0.00000,-0.00000,
15.10000,4532.96492,-194.74845,19996.46380, 0.71244,17.16959,-2.99889,299.46331,17.00048,-0.00387,-0.02025,-0.05597, 0.07150, 0.29207, 0.00011, 0.95235, 0.28926,56.92554,971.15674,4193.77859,-4.60886,-0.00000,-0.00000,
15.20000,4562.86388,-196.42393,19996.55221, 0.71313,17.16406,-2.99158,299.45671,16.99744,-0.00366,-0.00940,-0.05275, 0.06958, 0.29205, 0.00010, 0.95217, 0.28926,56.92286,971.15313,4193.77859,-4.60886,-0.00000,-0.00000,
15.30000,4592.76242,-198.09553,19996.63930, 0.71476,17.15887,-2.98446,299.45051,16.99482,-0.00297,-0.00019,-0.04943, 0.06774, 0.29203, 0.00009, 0.95202, 0.28925,56.92034,971.14958,4193.77859,-4.60886,-0.00000,-0.00000,
15.40000,4622.66058,-199.76325,19996.72501, 0.71717,17.15401,-2.97752,299.44467,16.99263,-0.00186, 0.00703,-0.04606, 0.06606, 0.29202, 0.00007, 0.95189, 0.28925,56.91795,971.14608,4193.77859,-4.60886,-0.00000,-0.00000,
15.50000,4652.55839,-201.42709,19996.80931, 0.72014,17.14949,-2.97075,299.43917,16.99084,-0.00041, 0.01202,-0.04267, 0.06459, 0.29200, 0.00005, 0.95179, 0.28924,56.91570,971.14264,4193.77859,-4.60886,-0.00000,-0.00000,
15.60000,4682.45588,-203.08705,19996.89216, 0.72345,17.14532,-2.96411,299.43396,16.98945, 0.00130, 0.01467,-0.03931, 0.06339, 0.29199, 0.00002, 0.95171, 0.28924,56.91356,971.13925,4193.77859,-4.60886,-0.00000,-0.00000,
15.70000,4712.35308,-204.74311,19996.97353, 0.72688,17.14147,-2.95758,299.42901,16.98843, 0.00318, 0.01496,-0.03600, 0.06246, 0.29199,-0.00001, 0.95165, 0.28923,56.91152,971.13593,4193.77859,-4.60886,-0.00000,-0.00000,
15.80000,4742.25003,-206.39528,19997.05342, 0.73020,17.13795,-2.95112,299.42431,16.98777, 0.00511, 0.01302,-0.03278, 0.06184, 0.29198,-0.00004, 0.95161, 0.28923,56.90958,971.13267,4193.77859,-4.60886,-0.00000,-0.00000,
15.90000,4772.14673,-208.04353,19997.13180, 0.73320,17.13475,-2.94471,299.41981,16.98744, 0.00702, 0.00905,-0.02967, 0.06151, 0.29198,-0.00008, 0.95158, 0.28922,56.90772,971.12947,4193.77859,-4.60886,-0.00000,-0.00000,
16.00000,4802.04320,-209.68788,19997.20866, 0.73572,17.13186,-2.93832,299.41549,16.98743, 0.00881, 0.00334,-0.02671, 0.06147, 0.29198,-0.00011, 0.95158, 0.28922,56.90593,971.12633,4193.77859,-4.60886,-0.00000,-0.00000,
16.10000,4831.93948,-211.32832,19997.28401, 0.73760,17.12925,-2.93191,299.41133,16.98771, 0.01041,-0.00376,-0.02390, 0.06169, 0.29198,-0.00013, 0.95158, 0.28922,56.90420,971.12325,4193.77859,-4.60886,-0.00000,-0.00000,
16.20000,4861.83556,-212.96484,19997.35785, 0.73872,17.12691,-2.92547,299.40730,16.98825, 0.01176,-0.01185,-0.02127, 0.06213, 0.29198,-0.00016, 0.95161, 0.28921,56.90253,971.12024,4193.77859,-4.60886,-0.00000,-0.00000,
16.30000,4891.73146,-214.59745,19997.43018, 0.73902,17.12483,-2.91896,299.40338,16.98902, 0.01280,-0.02050,-0.01883, 0.06276, 0.29199,-0.00018, 0.95164, 0.28921,56.90090,971.11729,4193.77859,-4.60886,-0.00000,-0.00000,
16.40000,4921.62719,-216.22616,19997.50101, 0.73847,17.12298,-2.91238,299.39956,16.99001, 0.01351,-0.02930,-0.01659, 0.06351, 0.29199,-0.00019, 0.95168, 0.28920,56.89931,971.11439,4193.77859,-4.60886,-0.00000,-0.00000,
16.50000,4951.52276,-217.85097,19997.57037, 0.73707,17.12134,-2.90571,299.39580,16.99118, 0.01387,-0.03784,-0.01456, 0.06433, 0.29200,-0.00020, 0.95173, 0.28920,56.89775,971.11156,4193.77859,-4.60886,-0.00000,-0.00000,
16.60000,4981.41816,-219.47189,19997.63826, 0.73487,17.11989,-2.89896,299.39210,16.99251, 0.01389,-0.04575,-0.01275, 0.06518, 0.29201,-0.00020, 0.95179, 0.28920,56.89621,971.10879,4193.77859,-4.60886,-0.00000,-0.00000,
16.70000,5011.31341,-221.08893,19997.70470, 0.73196,17.11862,-2.89211,299.38845,16.99397, 0.01359,-0.05271,-0.01116, 0.06601, 0.29202,-0.00019, 0.95186, 0.28919,56.89469,971.10608,4193.77859,-4.60886,-0.00000,-0.00000,
16.80000,5041.20851,-222.70212,19997.76972, 0.72843,17.11749,-2.88518,299.38482,16.99555, 0.01300,-0.05846,-0.00978, 0.06676, 0.29202,-0.00019, 0.95192, 0.28919,56.89319,971.10342,4193.77859,-4.60886,-0.00000,-0.00000,
16.90000,5071.10346,-224.31145,19997.83333, 0.72441,17.11649,-2.87817,299.38122,16.99720, 0.01216,-0.06283,-0.00862, 0.06740, 0.29203,-0.00017, 0.95199, 0.28919,56.89170,971.10083,4193.77859,-4.60886,-0.00000,-0.00000,
17.00000,5100.99826,-225.91696,19997.89556, 0.72006,17.11559,-2.87110,299.37764,16.99892, 0.01112,-0.06568,-0.00767, 0.06789, 0.29204,-0.00015, 0.95207, 0.28918,56.89022,971.09828,4193.77859,-4.60886,-0.00000,-0.00000,
17.10000,5130.89291,-227.51865,19997.95644, 0.71550,17.11477,-2.86399,299.37406,17.00068, 0.00995,-0.06700,-0.00692, 0.06821, 0.29205,-0.00014, 0.95214, 0.28918,56.88874,971.09580,4193.77859,-4.60886,-0.00000,-0.00000,
17.20000,5160.78740,-229.11655,19998.01598, 0.71090,17.11403,-2.85685,299.37049,17.00246, 0.00871,-0.06682,-0.00637, 0.06835, 0.29206,-0.00011, 0.95221, 0.28918,56.88727,971.09337,4193.77859,-4.60886,-0.00000,-0.00000,
17.30000,5190.68174,-230.71067,19998.07421, 0.70639,17.11332,-2.84971,299.36691,17.00425, 0.00745,-0.06523,-0.00602, 0.06830, 0.29207,-0.00009, 0.95228, 0.28917,56.88580,971.09099,4193.77859,-4.60886,-0.00000,-0.00000,
17.40000,5220.57592,-232.30104,19998.13115, 0.70209,17.11265,-2.84258,299.36334,17.00601, 0.00624,-0.06240,-0.00584, 0.06807, 0.29208,-0.00007, 0.95235, 0.28917,56.88433,971.08867,4193.77859,-4.60886,-0.00000,-0.00000,
17.50000,5250.46995,-233.88766,19998.18683, 0.69813,17.11199,-2.83549,299.35978,17.00775, 0.00513,-0.05855,-0.00582, 0.06767, 0.29209,-0.00005, 0.95242, 0.28917,56.88287,971.08639,4193.77859,-4.60886,-0.00000,-0.00000,
17.60000,5280.36382,-235.47055,19998.24126, 0.69457,17.11131,-2.82844,299.35621,17.00944, 0.00417,-0.05390,-0.00597, 0.06711, 0.29210,-0.00004, 0.95248, 0.28916,56.88141,971.08417,4193.77859,-4.60886,-0.00000,-0.00000,
17.70000,5310.25754,-237.04972,19998.29447, 0.69149,17.11062,-2.82146,299.35265,17.01107, 0.00338,-0.04874,-0.00626, 0.06644, 0.29210,-0.00002, 0.95254, 0.28916,56.87995,971.08200,4193.77859,-4.60886,-0.00000,-0.00000,
17.80000,5340.15109,-238.62519,19998.34648, 0.68892,17.10990,-2.81456,299.34911,17.01263, 0.00279,-0.04332,-0.00667, 0.06566, 0.29211,-0.00001, 0.95259, 0.28916,56.87851,971.07987,4193.77859,-4.60886,-0.00000,-0.00000,
17.90000,5370.04449,-240.19697,19998.39729, 0.68686,17.10913,-2.80774,299.34557,17.01411, 0.00243,-0.03791,-0.00721, 0.06482, 0.29212,-0.00001, 0.95264, 0.28915,56.87707,971.07780,4193.77859,-4.60886,-0.00000,-0.00000,
18.00000,5399.93773,-241.76506,19998.44694, 0.68531,17.10830,-2.80102,299.34206,17.01551, 0.00228,-0.03278,-0.00785, 0.06396, 0.29212,-0.00000, 0.95269, 0.28915,56.87564,971.07577,4193.77859,-4.60886,-0.00000,-0.00000,
18.10000,5429.83082,-243.32948,19998.49543, 0.68422,17.10740,-2.79438,299.33858,17.01681, 0.00235,-0.02813,-0.00858, 0.06309, 0.29213,-0.00000, 0.95272, 0.28915,56.87422,971.07379,4193.77859,-4.60886,-0.00000,-0.00000,
18.20000,5459.72375,-244.89023,19998.54277, 0.68354,17.10643,-2.78783,299.33513,17.01802, 0.00261,-0.02415,-0.00938, 0.06227, 0.29213,-0.00001, 0.95276, 0.28914,56.87282,971.07186,4193.77859,-4.60886,-0.00000,-0.00000,
18.30000,5489.61653,-246.44731,19998.58897, 0.68319,17.10538,-2.78137,299.33173,17.01912, 0.00305,-0.02100,-0.01025, 0.06150, 0.29214,-0.00002, 0.95278, 0.28914,56.87144,971.06997,4193.77859,-4.60886,-0.00000,-0.00000,
18.40000,5519.50916,-248.00072,19998.63405, 0.68309,17.10423,-2.77499,299.32837,17.02011, 0.00363,-0.01876,-0.01117, 0.06082, 0.29214,-0.00003, 0.95281, 0.28914,56.87007,971.06813,4193.77859,-4.60886,-0.00000,-0.00000,
18.50000,5549.40166,-249.55048,19998.67801, 0.68314,17.10299,-2.76867,299.32508,17.02100, 0.00431,-0.01748,-0.01214, 0.06025, 0.29215,-0.00004, 0.95282, 0.28913,56.86874,971.06634,4193.77859,-4.60886,-0.00000,-0.00000,
18.60000,5579.29402,-251.09659,19998.72086, 0.68326,17.10166,-2.76241,299.32185,17.02179, 0.00506,-0.01717,-0.01313, 0.05979, 0.29215,-0.00005, 0.95283, 0.28913,56.86743,971.06459,4193.77859,-4.60886,-0.00000,-0.00000,
18.70000,5609.18624,-252.63905,19998.76260, 0.68335,17.10023,-2.75619,299.31870,17.02247, 0.00584,-0.01777,-0.01414, 0.05945, 0.29215,-0.00006, 0.95284, 0.28913,56.86615,971.06288,4193.77859,-4.60886,-0.00000,-0.00000,
18.80000,5639.07835,-254.17786,19998.80322, 0.68332,17.09869,-2.75000,299.31564,17.02304, 0.00660,-0.01922,-0.01515, 0.05923, 0.29215,-0.00008, 0.95284, 0.28912,56.86491,971.06123,4193.77859,-4.60886,-0.00000,-0.00000,
18.90000,5668.97034,-255.71303,19998.84274, 0.68311,17.09705,-2.74383,299.31266,17.02352, 0.00732,-0.02138,-0.01617, 0.05912, 0.29215,-0.00009, 0.95284, 0.28912,56.86370,971.05961,4193.77859,-4.60886,-0.00000,-0.00000,
19.00000,5698.86223,-257.24456,19998.88116, 0.68266,17.09532,-2.73767,299.30979,17.02390, 0.00796,-0.02411,-0.01717, 0.05913, 0.29215,-0.00010, 0.95283, 0.28912,56.86254,971.05804,4193.77859,-4.60886,-0.00000,-0.00000,
19.10000,5728.75403,-258.77246,19998.91846, 0.68190,17.09348,-2.73150,299.30703,17.02418, 0.00850,-0.02726,-0.01815, 0.05922, 0.29215,-0.00011, 0.95282, 0.28912,56.86142,971.05652,4193.77859,-4.60886,-0.00000,-0.00000,
19.20000,5758.64573,-260.29675,19998.95464, 0.68083,17.09155,-2.72532,299.30438,17.02438, 0.00892,-0.03064,-0.01911, 0.05938, 0.29215,-0.00012, 0.95280, 0.28911,56.86034,971.05504,4193.77859,-4.60886,-0.00000,-0.00000,
19.30000,5788.53737,-261.81742,19998.98971, 0.67941,17.08952,-2.71912,299.30186,17.02449, 0.00919,-0.03409,-0.02003, 0.05960, 0.29215,-0.00012, 0.95278, 0.28911,56.85931,971.05361,4193.77859,-4.60886,-0.00000,-0.00000,
19.40000,5818.42894,-263.33448,19999.02365, 0.67766,17.08740,-2.71290,299.29946,17.02452, 0.00933,-0.03744,-0.02092, 0.05985, 0.29214,-0.00012, 0.95276, 0.28911,56.85834,971.05223,4193.77859,-4.60886,-0.00000,-0.00000,
19.50000,5848.32047,-264.84796,19999.05646, 0.67559,17.08519,-2.70665,299.29721,17.02449, 0.00933,-0.04054,-0.02176, 0.06011, 0.29214,-0.00012, 0.95274, 0.28911,56.85742,971.05089,4193.77859,-4.60886,-0.00000,-0.00000,
19.60000,5878.21195,-266.35785,19999.08812, 0.67324,17.08291,-2.70038,299.29510,17.02438, 0.00920,-0.04326,-0.02255, 0.06036, 0.29214,-0.00012, 0.95271, 0.28911,56.85656,971.04959,4193.77859,-4.60886,-0.00000,-0.00000,
19.70000,5908.10342,-267.86418,19999.11864, 0.67065,17.08054,-2.69408,299.29313,17.02422, 0.00894,-0.04550,-0.02330, 0.06057, 0.29214,-0.00012, 0.95268, 0.28910,56.85575,971.04835,4193.77859,-4.60886,-0.00000,-0.00000,
19.80000,5937.99487,-269.36696,19999.14801, 0.66787,17.07811,-2.68776,299.29132,17.02400, 0.00859,-0.04717,-0.02399, 0.06075, 0.29213,-0.00011, 0.95265, 0.28910,56.85500,971.04715,4193.77859,-4.60886,-0.00000,-0.00000,
19.90000,5967.88633,-270.86619,19999.17621, 0.66495,17.07561,-2.68143,299.28966,17.02374, 0.00816,-0.04823,-0.02462, 0.06086, 0.29213,-0.00011, 0.95262, 0.28910,56.85432,971.04600,4193.77859,-4.60886,-0.00000,-0.00000,
20.00000,5997.77781,-272.36190,19999.20323, 0.66196,17.07305,-2.67509,299.28817,17.02343, 0.00767,-0.04867,-0.02520, 0.06090, 0.29213,-0.00010, 0.95259, 0.28910,56.85370,971.04489,4193.77859,-4.60886,-0.00000,-0.00000,
20.10000,6027.66933,-273.85410,19999.22907, 0.65896,17.07043,-2.66875,299.28684,17.02309, 0.00715,-0.04850,-0.02571, 0.06087, 0.29212,-0.00009, 0.95256, 0.28910,56.85315,971.04384,4193.77859,-4.60886,-0.00000,-0.00000,
20.20000,6057.56089,-275.34280,19999.25371, 0.65600,17.06776,-2.66242,299.28568,17.02272, 0.00663,-0.04776,-0.02617, 0.06076, 0.29212,-0.00008, 0.95253, 0.28910,56.85266,971.04283,4193.77859,-4.60886,-0.00000,-0.00000,
20.30000,6087.45253,-276.82802,19999.27715, 0.65314,17.06506,-2.65611,299.28469,17.02232, 0.00613,-0.04652,-0.02658, 0.06058, 0.29212,-0.00007, 0.95250, 0.28910,56.85224,971.04188,4193.77859,-4.60886,-0.00000,-0.00000,
20.40000,6117.34424,-278.30977,19999.29937, 0.65041,17.06231,-2.64981,299.28387,17.02191, 0.00566,-0.04486,-0.02692, 0.06033, 0.29211,-0.00006, 0.95247, 0.28909,56.85188,971.04097,4193.77859,-4.60886,-0.00000,-0.00000,
20.50000,6147.23606,-279.78806,19999.32037, 0.64786,17.05954,-2.64355,299.28322,17.02148, 0.00526,-0.04288,-0.02721, 0.06002, 0.29211,-0.00006, 0.95244, 0.28909,56.85160,971.04011,4193.77859,-4.60886,-0.00000,-0.00000,
20.60000,6177.12798,-281.26290,19999.34014, 0.64550,17.05674,-2.63732,299.28274,17.02104, 0.00493,-0.04069,-0.02745, 0.05966, 0.29211,-0.00005, 0.95241, 0.28909,56.85138,971.03930,4193.77859,-4.60886,-0.00000,-0.00000,
20.70000,6207.02004,-282.73431,19999.35867, 0.64337,17.05392,-2.63114,299.28244,17.02060, 0.00467,-0.03839,-0.02763, 0.05925, 0.29210,-0.00005, 0.95238, 0.28909,56.85123,971.03855,4193.77859,-4.60886,-0.00000,-0.00000,
20.80000,6236.91225,-284.20230,19999.37594, 0.64144,17.05108,-2.62499,299.28232,17.02017, 0.00451,-0.03610,-0.02777, 0.05883, 0.29210,-0.00004, 0.95236, 0.28909,56.85115,971.03784,4193.77859,-4.60886,-0.00000,-0.00000,
20.90000,6266.80462,-285.66688,19999.39196, 0.63973,17.04823,-2.61890,299.28237,17.01973, 0.00444,-0.03392,-0.02786, 0.05839, 0.29210,-0.00004, 0.95233, 0.28909,56.85113,971.03719,4193.77859,-4.60886,-0.00000,-0.00000,
21.00000,6296.69717,-287.12806,19999.40671, 0.63821,17.04538,-2.61285,299.28259,17.01930, 0.00446,-0.03194,-0.02790, 0.05795, 0.29209,-0.00004, 0.95231, 0.28909,56.85119,971.03659,4193.77859,-4.60886,-0.00000,-0.00000,
21.10000,6326.58992,-288.58584,19999.42019, 0.63687,17.04252,-2.60684,299.28298,17.01888, 0.00455,-0.03023,-0.02791, 0.05753, 0.29209,-0.00004, 0.95229, 0.28909,56.85131,971.03604,4193.77859,-4.60886,-0.00000,-0.00000,
21.20000,6356.48289,-290.04024,19999.43239, 0.63566,17.03967,-2.60088,299.28355,17.01848, 0.00472,-0.02886,-0.02787, 0.05713, 0.29209,-0.00005, 0.95227, 0.28909,56.85150,971.03554,4193.77859,-4.60886,-0.00000,-0.00000,
21.30000,6386.37608,-291.49126,19999.44331, 0.63457,17.03682,-2.59495,299.28428,17.01809, 0.00494,-0.02786,-0.02780, 0.05676, 0.29209,-0.00005, 0.95226, 0.28910,56.85176,971.03509,4193.77859,-4.60886,-0.00000,-0.00000,
21.40000,6416.26952,-292.93891,19999.45293, 0.63354,17.03399,-2.58907,299.28518,17.01772, 0.00521,-0.02725,-0.02771, 0.05644, 0.29209,-0.00006, 0.95225, 0.28910,56.85209,971.03470,4193.77859,-4.60886,-0.00000,-0.00000,
21.50000,6446.16322,-294.38320,19999.46127, 0.63254,17.03116,-2.58321,299.28625,17.01737, 0.00550,-0.02704,-0.02758, 0.05617, 0.29208,-0.00006, 0.95223, 0.28910,56.85247,971.03436,4193.77859,-4.60886,-0.00000,-0.00000,
21.60000,6476.05719,-295.82414,19999.46830, 0.63154,17.02835,-2.57738,299.28748,17.01703, 0.00581,-0.02720,-0.02743, 0.05594, 0.29208,-0.00007, 0.95223, 0.28910,56.85293,971.03407,4193.77859,-4.60886,-0.00000,-0.00000,
21.70000,6505.95146,-297.26173,19999.47404, 0.63050,17.02555,-2.57157,299.28887,17.01672, 0.00611,-0.02770,-0.02725, 0.05576, 0.29208,-0.00007, 0.95222, 0.28910,56.85345,971.03384,4193.77859,-4.60886,-0.00000,-0.00000,
21.80000,6535.84604,-298.69598,19999.47848, 0.62939,17.02278,-2.56578,299.29042,17.01643, 0.00639,-0.02850,-0.02706, 0.05563, 0.29208,-0.00008, 0.95222, 0.28910,56.85403,971.03366,4193.77859,-4.60886,-0.00000,-0.00000,
21.90000,6565.74094,-300.12690,19999.48161, 0.62818,17.02002,-2.56000,299.29212,17.01616, 0.00664,-0.02953,-0.02685, 0.05555, 0.29208,-0.00008, 0.95221, 0.28910,56.85467,971.03353,4193.77859,-4.60886,-0.00000,-0.00000,
22.00000,6595.63617,-301.55450,19999.48344, 0.62686,17.01729,-2.55422,299.29398,17.01592, 0.00685,-0.03073,-0.02663, 0.05550, 0.29208,-0.00008, 0.95222, 0.28910,56.85537,971.03345,4193.77859,-4.60886,-0.00000,-0.00000,
22.10000,6625.53176,-302.97879,19999.48397, 0.62541,17.01457,-2.54845,299.29599,17.01569, 0.00701,-0.03203,-0.02640, 0.05548, 0.29208,-0.00009, 0.95222, 0.28911,56.85613,971.03343,4193.77859,-4.60886,-0.00000,-0.00000,
22.20000,6655.42772,-304.39978,19999.48319, 0.62383,17.01189,-2.54268,299.29815,17.01549, 0.00711,-0.03336,-0.02616, 0.05548, 0.29208,-0.00009, 0.95222, 0.28911,56.85695,971.03346,4193.77859,-4.60886,-0.00000,-0.00000,
22.30000,6685.32405,-305.81748,19999.48112, 0.62212,17.00922,-2.53690,299.30045,17.01531, 0.00716,-0.03466,-0.02591, 0.05550, 0.29208,-0.00009, 0.95223, 0.28911,56.85783,971.03355,4193.77859,-4.60886,-0.00000,-0.00000,
22.40000,6715.22078,-307.23189,19999.47775, 0.62028,17.00658,-2.53113,299.30290,17.01514, 0.00715,-0.03585,-0.02566, 0.05552, 0.29208,-0.00009, 0.95224, 0.28911,56.85877,971.03369,4193.77859,-4.60886,-0.00000,-0.00000,
22.50000,6745.11791,-308.64302,19999.47308, 0.61833,17.00397,-2.52535,299.30549,17.01500, 0.00709,-0.03689,-0.02541, 0.05553, 0.29208,-0.00009, 0.95225, 0.28912,56.85976,971.03388,4193.77859,-4.60886,-0.00000,-0.00000,
22.60000,6775.01546,-310.05090,19999.46712, 0.61629,17.00138,-2.51957,299.30821,17.01487, 0.00697,-0.03773,-0.02516, 0.05553, 0.29208,-0.00009, 0.95226, 0.28912,56.86081,971.03412,4193.77859,-4.60886,-0.00000,-0.00000,
22.70000,6804.91345,-311.45552,19999.45988, 0.61417,16.99882,-2.51380,299.31107,17.01477, 0.00682,-0.03835,-0.02491, 0.05552, 0.29208,-0.00009, 0.95228, 0.28912,56.86191,971.03442,4193.77859,-4.60886,-0.00000,-0.00000,
22.80000,6834.81188,-312.85691,19999.45135, 0.61200,16.99628,-2.50802,299.31406,17.01467, 0.00664,-0.03872,-0.02467, 0.05548, 0.29209,-0.00008, 0.95230, 0.28912,56.86306,971.03476,4193.77859,-4.60886,-0.00000,-0.00000,
22.90000,6864.71077,-314.25506,19999.44155, 0.60981,16.99377,-2.50225,299.31719,17.01459, 0.00643,-0.03883,-0.02443, 0.05541, 0.29209,-0.00008, 0.95231, 0.28913,56.86427,971.03516,4193.77859,-4.60886,-0.00000,-0.00000,
23.00000,6894.61012,-315.65000,19999.43047, 0.60762,16.99128,-2.49649,299.32044,17.01453, 0.00621,-0.03870,-0.02419, 0.05532, 0.29209,-0.00008, 0.95233, 0.28913,56.86552,971.03562,4193.77859,-4.60886,-0.00000,-0.00000,
23.10000,6924.50996,-317.04173,19999.41813, 0.60544,16.98881,-2.49074,299.32381,17.01447, 0.00599,-0.03834,-0.02396, 0.05519, 0.29209,-0.00007, 0.95235, 0.28913,56.86683,971.03612,4193.77859,-4.60886,-0.00000,-0.00000,
23.20000,6954.41029,-318.43027,19999.40454, 0.60331,16.98637,-2.48500,299.32731,17.01443, 0.00577,-0.03778,-0.02374, 0.05503, 0.29209,-0.00007, 0.95238, 0.28914,56.86819,971.03667,4193.77859,-4.60886,-0.00000,-0.00000,
23.30000,6984.31112,-319.81561,19999.38969, 0.60124,16.98395,-2.47928,299.33094,17.01439, 0.00557,-0.03704,-0.02352, 0.05485, 0.29210,-0.00007, 0.95240, 0.28914,56.86959,971.03728,4193.77859,-4.60886,-0.00000,-0.00000,
23.40000,7014.21247,-321.19779,19999.37359, 0.59924,16.98155,-2.47358,299.33468,17.01436, 0.00540,-0.03618,-0.02332, 0.05463, 0.29210,-0.00006, 0.95242, 0.28914,56.87105,971.03794,4193.77859,-4.60886,-0.00000,-0.00000,
23.50000,7044.11434,-322.57679,19999.35627, 0.59733,16.97917,-2.46791,299.33854,17.01433, 0.00525,-0.03522,-0.02312, 0.05440, 0.29210,-0.00006, 0.95245, 0.28915,56.87255,971.03865,4193.77859,-4.60886,-0.00000,-0.00000,
23.60000,7074.01675,-323.95265,19999.33771, 0.59551,16.97681,-2.46226,299.34251,17.01431, 0.00514,-0.03423,-0.02292, 0.05416, 0.29210,-0.00006, 0.95248, 0.28915,56.87409,971.03940,4193.77859,-4.60886,-0.00000,-0.00000,
23.70000,7103.91971,-325.32535,19999.31793, 0.59378,16.97447,-2.45664,299.34660,17.01429, 0.00506,-0.03324,-0.02274, 0.05390, 0.29210,-0.00006, 0.95250, 0.28916,56.87568,971.04021,4193.77859,-4.60886,-0.00000,-0.00000,
23.80000,7133.82322,-326.69492,19999.29695, 0.59213,16.97215,-2.45104,299.35081,17.01428, 0.00503,-0.03229,-0.02256, 0.05364, 0.29211,-0.00006, 0.95253, 0.28916,56.87732,971.04107,4193.77859,-4.60886,-0.00000,-0.00000,
23.90000,7163.72731,-328.06136,19999.27476, 0.59057,16.96985,-2.44547,299.35512,17.01426, 0.00502,-0.03142,-0.02239, 0.05337, 0.29211,-0.00006, 0.95256, 0.28916,56.87900,971.04197,4193.77859,-4.60886,-0.00000,-0.00000,
24.00000,7193.63197,-329.42469,19999.25138, 0.58909,16.96756,-2.43993,299.35954,17.01425, 0.00505,-0.03067,-0.02223, 0.05312, 0.29211,-0.00006, 0.95259, 0.28917,56.88073,971.04293,4193.77859,-4.60886,-0.00000,-0.00000,
24.10000,7223.53722,-330.78490,19999.22681, 0.58766,16.96529,-2.43441,299.36408,17.01423, 0.00511,-0.03005,-0.02207, 0.05287, 0.29212,-0.00006, 0.95262, 0.28917,56.88250,971.04393,4193.77859,-4.60886,-0.00000,-0.00000,
24.20000,7253.44307,-332.14201,19999.20108, 0.58628,16.96304,-2.42892,299.36872,17.01420, 0.00519,-0.02958,-0.02192, 0.05264, 0.29212,-0.00006, 0.95265, 0.28918,56.88431,971.04498,4193.77859,-4.60886,-0.00000,-0.00000,
24.30000,7283.34953,-333.49602,19999.17418, 0.58494,16.96080,-2.42345,299.37346,17.01418, 0.00529,-0.02928,-0.02177, 0.05243, 0.29212,-0.00006, 0.95268, 0.28918,56.88617,971.04608,4193.77859,-4.60886,-0.00000,-0.00000,
24.40000,7313.25661,-334.84695,19999.14612, 0.58361,16.95858,-2.41800,299.37831,17.01415, 0.00540,-0.02913,-0.02163, 0.05223, 0.29212,-0.00006, 0.95271, 0.28919,56.88806,971.04723,4193.77859,-4.60886,-0.00000,-0.00000,
24.50000,7343.16432,-336.19480,19999.11692, 0.58228,16.95637,-2.41257,299.38327,17.01412, 0.00551,-0.02914,-0.02149, 0.05206, 0.29213,-0.00006, 0.95274, 0.28919,56.89000,971.04842,4193.77859,-4.60886,-0.00000,-0.00000,
24.60000,7373.07267,-337.53958,19999.08659, 0.58094,16.95417,-2.40716,299.38832,17.01407, 0.00563,-0.02929,-0.02136, 0.05190, 0.29213,-0.00007, 0.95278, 0.28920,56.89198,971.04966,4193.77859,-4.60886,-0.00000,-0.00000,
24.70000,7402.98166,-338.88130,19999.05513, 0.57957,16.95199,-2.40177,299.39348,17.01403, 0.00573,-0.02956,-0.02123, 0.05177, 0.29213,-0.00007, 0.95281, 0.28920,56.89401,971.05094,4193.77859,-4.60886,-0.00000,-0.00000,
24.80000,7432.89131,-340.21996,19999.02256, 0.57817,16.94982,-2.39638,299.39874,17.01397, 0.00583,-0.02992,-0.02110, 0.05165, 0.29214,-0.00007, 0.95284, 0.28921,56.89607,971.05227,4193.77859,-4.60886,-0.00000,-0.00000,
24.90000,7462.80163,-341.55558,19998.98888, 0.57672,16.94767,-2.39101,299.40410,17.01391, 0.00590,-0.03035,-0.02097, 0.05155, 0.29214,-0.00007, 0.95287, 0.28921,56.89817,971.05365,4193.77859,-4.60886,-0.00000,-0.00000,
25.00000,7492.71262,-342.88816,19998.95411, 0.57522,16.94553,-2.38565,299.40956,17.01385, 0.00596,-0.03083,-0.02085, 0.05146, 0.29214,-0.00007, 0.95291, 0.28922,56.90031,971.05506,4193.77859,-4.60886,-0.00000,-0.00000,
25.10000,7522.62429,-344.21771,19998.91826, 0.57367,16.94340,-2.38030,299.41511,17.01377, 0.00599,-0.03132,-0.02072, 0.05138, 0.29214,-0.00007, 0.95294, 0.28922,56.90249,971.05653,4193.77859,-4.60886,-0.00000,-0.00000,
25.20000,7552.53666,-345.54424,19998.88134, 0.57208,16.94128,-2.37495,299.42076,17.01369, 0.00600,-0.03179,-0.02059, 0.05131, 0.29215,-0.00007, 0.95297, 0.28923,56.90471,971.05804,4193.77859,-4.60886,-0.00000,-0.00000,
25.30000,7582.44974,-346.86777,19998.84336, 0.57043,16.93918,-2.36961,299.42651,17.01360, 0.00599,-0.03222,-0.02046, 0.05123, 0.29215,-0.00007, 0.95301, 0.28923,56.90697,971.05959,4193.77859,-4.60886,-0.00000,-0.00000,
25.40000,7612.36352,-348.18828,19998.80433, 0.56874,16.93709,-2.36428,299.43235,17.01350, 0.00596,-0.03260,-0.02033, 0.05116, 0.29215,-0.00007, 0.95304, 0.28924,56.90926,971.06118,4193.77859,-4.60886,-0.00000,-0.00000,
25.50000,7642.27803,-349.50581,19998.76426, 0.56702,16.93501,-2.35896,299.43829,17.01340, 0.00590,-0.03289,-0.02019, 0.05108, 0.29216,-0.00007, 0.95308, 0.28924,56.91160,971.06282,4193.77859,-4.60886,-0.00000,-0.00000,
25.60000,7672.19326,-350.82035,19998.72316, 0.56527,16.93295,-2.35365,299.44432,17.01328, 0.00583,-0.03309,-0.02006, 0.05099, 0.29216,-0.00007, 0.95311, 0.28925,56.91397,971.06449,4193.77859,-4.60886,-0.00000,-0.00000,
25.70000,7702.10923,-352.13192,19998.68105, 0.56350,16.93090,-2.34834,299.45044,17.01316, 0.00575,-0.03319,-0.01991, 0.05090, 0.29216,-0.00007, 0.95315, 0.28925,56.91638,971.06621,4193.77859,-4.60886,-0.00000,-0.00000,
25.80000,7732.02595,-353.44052,19998.63793, 0.56172,16.92886,-2.34305,299.45666,17.01304, 0.00565,-0.03319,-0.01977, 0.05079, 0.29217,-0.00007, 0.95318, 0.28926,56.91882,971.06797,4193.77859,-4.60886,-0.00000,-0.00000,
25.90000,7761.94342,-354.74616,19998.59382, 0.55994,16.92684,-2.33777,299.46296,17.01290, 0.00556,-0.03308,-0.01962, 0.05067, 0.29217,-0.00007, 0.95322, 0.28927,56.92130,971.06978,4193.77859,-4.60886,-0.00000,-0.00000,
26.00000,7791.86165,-356.04886,19998.54872, 0.55818,16.92484,-2.33250,299.46935,17.01277, 0.00546,-0.03289,-0.01946, 0.05054, 0.29217,-0.00007, 0.95326, 0.28927,56.92382,971.07162,4193.77859,-4.60886,-0.00000,-0.00000,
26.10000,7821.78066,-357.34862,19998.50265, 0.55643,16.92285,-2.32724,299.47583,17.01262, 0.00536,-0.03261,-0.01930, 0.05040, 0.29217,-0.00006, 0.95329, 0.28928,56.92637,971.07350,4193.77859,-4.60886,-0.00000,-0.00000,
26.20000,7851.70044,-358.64545,19998.45562, 0.55471,16.92088,-2.32200,299.48240,17.01247, 0.00527,-0.03226,-0.01914, 0.05024, 0.29218,-0.00006, 0.95333, 0.28929,56.92896,971.07542,4193.77859,-4.60886,-0.00000,-0.00000,
26.30000,7881.62101,-359.93936,19998.40765, 0.55303,16.91893,-2.31678,299.48905,17.01231, 0.00519,-0.03185,-0.01896, 0.05008, 0.29218,-0.00006, 0.95337, 0.28929,56.93158,971.07738,4193.77859,-4.60886,-0.00000,-0.00000,
26.40000,7911.54237,-361.23036,19998.35874, 0.55138,16.91699,-2.31157,299.49578,17.01215, 0.00512,-0.03142,-0.01879, 0.04991, 0.29218,-0.00006, 0.95340, 0.28930,56.93424,971.07937,4193.77859,-4.60886,-0.00000,-0.00000,
26.50000,7941.46453,-362.51846,19998.30890, 0.54977,16.91508,-2.30638,299.50260,17.01198, 0.00507,-0.03096,-0.01860, 0.04973, 0.29219,-0.00006, 0.95344, 0.28930,56.93692,971.08141,4193.77859,-4.60886,-0.00000,-0.00000,
26.60000,7971.38751,-363.80366,19998.25815, 0.54820,16.91318,-2.30121,299.50950,17.01181, 0.00503,-0.03051,-0.01841, 0.04954, 0.29219,-0.00006, 0.95348, 0.28931,56.93964,971.08348,4193.77859,-4.60886,-0.00000,-0.00000,
26.70000,8001.31130,-365.08598,19998.20650, 0.54667,16.91130,-2.29606,299.51648,17.01164, 0.00500,-0.03007,-0.01821, 0.04936, 0.29219,-0.00006, 0.95352, 0.28932,56.94240,971.08559,4193.77859,-4.60886,-0.00000,-0.00000,
26.80000,8031.23591,-366.36542,19998.15396, 0.54518,16.90944,-2.29093,299.52354,17.01146, 0.00499,-0.02967,-0.01801, 0.04918, 0.29220,-0.00006, 0.95356, 0.28932,56.94518,971.08773,4193.77859,-4.60886,-0.00000,-0.00000,
26.90000,8061.16136,-367.64199,19998.10055, 0.54371,16.90761,-2.28582,299.53067,17.01128, 0.00500,-0.02931,-0.01780, 0.04899, 0.29220,-0.00006, 0.95360, 0.28933,56.94800,971.08991,4193.77859,-4.60886,-0.00000,-0.00000,
27.00000,8091.08765,-368.91569,19998.04628, 0.54228,16.90579,-2.28073,299.53788,17.01110, 0.00501,-0.02901,-0.01759, 0.04882, 0.29220,-0.00006, 0.95364, 0.28934,56.95085,971.09213,4193.77859,-4.60886,-0.00000,-0.00000,
27.10000,8121.01478,-370.18655,19997.99115, 0.54087,16.90400,-2.27565,299.54517,17.01091, 0.00504,-0.02877,-0.01736, 0.04865, 0.29221,-0.00006, 0.95368, 0.28935,56.95372,971.09438,4193.77859,-4.60886,-0.00000,-0.00000,
27.20000,8150.94276,-371.45455,19997.93519, 0.53947,16.90223,-2.27059,299.55253,17.01073, 0.00507,-0.02860,-0.01714, 0.04848, 0.29221,-0.00006, 0.95372, 0.28935,56.95663,971.09667,4193.77859,-4.60886,-0.00000,-0.00000,
27.30000,8180.87160,-372.71972,19997.87840, 0.53808,16.90048,-2.26555,299.55996,17.01054, 0.00511,-0.02849,-0.01690, 0.04833, 0.29221,-0.00006, 0.95376, 0.28936,56.95956,971.09899,4193.77859,-4.60886,-0.00000,-0.00000,
27.40000,8210.80130,-373.98206,19997.82080, 0.53670,16.89875,-2.26052,299.56745,17.01035, 0.00514,-0.02845,-0.01666, 0.04818, 0.29222,-0.00006, 0.95380, 0.28937,56.96253,971.10134,4193.77859,-4.60886,-0.00000,-0.00000,
27.50000,8240.73188,-375.24158,19997.76240, 0.53531,16.89706,-2.25551,299.57502,17.01016, 0.00518,-0.02846,-0.01642, 0.04804, 0.29222,-0.00006, 0.95384, 0.28937,56.96552,971.10372,4193.77859,-4.60886,-0.00000,-0.00000,
27.60000,8270.66334,-376.49828,19997.70321, 0.53391,16.89538,-2.25051,299.58265,17.00996, 0.00522,-0.02852,-0.01617, 0.04791, 0.29223,-0.00006, 0.95388, 0.28938,56.96853,971.10614,4193.77859,-4.60886,-0.00000,-0.00000,
27.70000,8300.59567,-377.75217,19997.64326, 0.53250,16.89373,-2.24553,299.59035,17.00977, 0.00525,-0.02862,-0.01591, 0.04779, 0.29223,-0.00006, 0.95393, 0.28939,56.97158,971.10859,4193.77859,-4.60886,-0.00000,-0.00000,
27.80000,8330.52890,-379.00326,19997.58254, 0.53108,16.89211,-2.24056,299.59811,17.00958, 0.00527,-0.02875,-0.01565, 0.04767, 0.29223,-0.00006, 0.95397, 0.28940,56.97465,971.11107,4193.77859,-4.60886,-0.00000,-0.00000,
27.90000,8360.46302,-380.25157,19997.52108, 0.52964,16.89051,-2.23560,299.60593,17.00939, 0.00528,-0.02889,-0.01539, 0.04756, 0.29224,-0.00006, 0.95402, 0.28940,56.97774,971.11357,4193.77859,-4.60886,-0.00000,-0.00000,
28.00000,8390.39804,-381.49708,19997.45889, 0.52818,16.88894,-2.23065,299.61381,17.00920, 0.00529,-0.02905,-0.01512, 0.04745, 0.29224,-0.00006, 0.95406, 0.28941,56.98086,971.11611,4193.77859,-4.60886,-0.00000,-0.00000,
28.10000,8420.33397,-382.73983,19997.39599, 0.52670,16.88740,-2.22571,299.62175,17.00900, 0.00528,-0.02919,-0.01485, 0.04735, 0.29224,-0.00006, 0.95410, 0.28942,56.98400,971.11868,4193.77859,-4.60886,-0.00000,-0.00000,
28.20000,8450.27081,-383.97980,19997.33238, 0.52521,16.88589,-2.22078,299.62974,17.00881, 0.00527,-0.02932,-0.01457, 0.04724, 0.29225,-0.00006, 0.95415, 0.28943,56.98716,971.12128,4193.77859,-4.60886,-0.00000,-0.00000,
28.30000,8480.20856,-385.21701,19997.26808, 0.52370,16.88440,-2.21586,299.63779,17.00862, 0.00525,-0.02942,-0.01429, 0.04714, 0.29225,-0.00006, 0.95419, 0.28943,56.99034,971.12390,4193.77859,-4.60886,-0.00000,-0.00000,
28.40000,8510.14724,-386.45147,19997.20311, 0.52218,16.88295,-2.21095,299.64589,17.00843, 0.00522,-0.02950,-0.01400, 0.04703, 0.29226,-0.00006, 0.95424, 0.28944,56.99355,971.12656,4193.77859,-4.60886,-0.00000,-0.00000,
28.50000,8540.08683,-387.68319,19997.13748, 0.52065,16.88152,-2.20606,299.65403,17.00824, 0.00518,-0.02953,-0.01371, 0.04692, 0.29226,-0.00006, 0.95429, 0.28945,56.99678,971.12924,4193.77859,-4.60886,-0.00000,-0.00000,
28.60000,8570.02736,-388.91217,19997.07121, 0.51911,16.88012,-2.20117,299.66223,17.00805, 0.00514,-0.02952,-0.01342, 0.04681, 0.29226,-0.00006, 0.95433, 0.28946,57.00002,971.13194,4193.77859,-4.60886,-0.00000,-0.00000,
28.70000,8599.96882,-390.13842,19997.00431, 0.51758,16.87875,-2.19630,299.67047,17.00786, 0.00509,-0.02948,-0.01313, 0.04669, 0.29227,-0.00006, 0.95438, 0.28947,57.00329,971.13467,4193.77859,-4.60886,-0.00000,-0.00000,
28.80000,8629.91122,-391.36196,19996.93679, 0.51605,16.87741,-2.19144,299.67876,17.00768, 0.00505,-0.02939,-0.01283, 0.04657, 0.29227,-0.00006, 0.95443, 0.28947,57.00657,971.13743,4193.77859,-4.60886,-0.00000,-0.00000,
28.90000,8659.85456,-392.58278,19996.86868, 0.51452,16.87610,-2.18659,299.68709,17.00749, 0.00500,-0.02926,-0.01254, 0.04644, 0.29228,-0.00006, 0.95448, 0.28948,57.00987,971.14021,4193.77859,-4.60886,-0.00000,-0.00000,
29.00000,8689.79884,-393.80089,19996.79998, 0.51301,16.87482,-2.18176,299.69546,17.00731, 0.00495,-0.02910,-0.01223, 0.04631, 0.29228,-0.00006, 0.95453, 0.28949,57.01319,971.14302,4193.77859,-4.60886,-0.00000,-0.00000,
29.10000,8719.74407,-395.01631,19996.73071, 0.51151,16.87357,-2.17694,299.70386,17.00712, 0.00491,-0.02891,-0.01193, 0.04618, 0.29228,-0.00006, 0.95457, 0.28950,57.01652,971.14585,4193.77859,-4.60886,-0.00000,-0.00000,
29.20000,8749.69025,-396.22904,19996.66089, 0.51002,16.87235,-2.17213,299.71231,17.00694, 0.00486,-0.02870,-0.01163, 0.04604, 0.29229,-0.00006, 0.95462, 0.28951,57.01987,971.14870,4193.77859,-4.60886,-0.00000,-0.00000,
29.30000,8779.63739,-397.43909,19996.59053, 0.50855,16.87116,-2.16734,299.72079,17.00676, 0.00483,-0.02848,-0.01132, 0.04590, 0.29229,-0.00006, 0.95467, 0.28951,57.02323,971.15157,4193.77859,-4.60886,-0.00000,-0.00000,
29.40000,8809.58548,-398.64646,19996.51965, 0.50710,16.87000,-2.16256,299.72930,17.00658, 0.00480,-0.02825,-0.01101, 0.04575, 0.29230,-0.00006, 0.95472, 0.28952,57.02660,971.15446,4193.77859,-4.60886,-0.00000,-0.00000,
29.50000,8839.53453,-399.85117,19996.44826, 0.50567,16.86888,-2.15780,299.73784,17.00640, 0.00478,-0.02802,-0.01071, 0.04560, 0.29230,-0.00006, 0.95477, 0.28953,57.02999,971.15738,4193.77859,-4.60886,-0.00000,-0.00000,
29.60000,8869.48454,-401.05322,19996.37638, 0.50426,16.86778,-2.15305,299.74641,17.00622, 0.00476,-0.02780,-0.01040, 0.04546, 0.29231,-0.00006, 0.95482, 0.28954,57.03339,971.16031,4193.77859,-4.60886,-0.00000,-0.00000,
29.70000,8899.43552,-402.25262,19996.30402, 0.50286,16.86672,-2.14832,299.75501,17.00604, 0.00475,-0.02759,-0.01008, 0.04531, 0.29231,-0.00006, 0.95487, 0.28955,57.03680,971.16327,4193.77859,-4.60886,-0.00000,-0.00000,
29.80000,8929.38746,-403.44938,19996.23121, 0.50148,16.86568,-2.14360,299.76363,17.00586, 0.00474,-0.02740,-0.00977, 0.04517, 0.29231,-0.00006, 0.95492, 0.28955,57.04023,971.16624,4193.77859,-4.60886,-0.00000,-0.00000,
29.90000,8959.34038,-404.64349,19996.15796, 0.50011,16.86468,-2.13890,299.77228,17.00568, 0.00474,-0.02723,-0.00946, 0.04502, 0.29232,-0.00006, 0.95497, 0.28956,57.04366,971.16923,4193.77859,-4.60886,-0.00000,-0.00000,
30.00000,8989.29426,-405.83498,19996.08427, 0.49876,16.86371,-2.13421,299.78094,17.00551, 0.00474,-0.02709,-0.00915, 0.04488, 0.29232,-0.00006, 0.95502, 0.28957,57.04710,971.17224,4193.77859,-4.60886,-0.00000,-0.00000,
